38;430;129;133;98
39;430;127;131;96
40;430;126;130;95
41;430;129;133;98
42;430;122;128;90
43;430;127;133;95
44;430;126;132;94
45;430;121;127;89
46;430;125;131;93
47;430;118;124;86
48;430;117;123;85
49;430;114;120;82
50;430;115;121;83
51;430;111;117;79
52;430;111;117;79
53;430;112;118;80
54;430;115;121;83
55;430;110;116;78
56;430;110;116;78
57;430;105;111;73
58;430;101;107;69
59;430;98;104;66
60;430;97;103;65
61;430;98;104;66
62;430;97;103;65
63;430;93;99;61
64;430;95;99;64
65;430;86;90;55
66;430;88;94;58
67;430;81;87;51
68;430;92;98;62
69;430;86;92;56
70;430;85;91;55
71;430;82;88;52
72;430;87;93;57
73;430;85;91;55
74;430;84;92;55
75;430;90;98;61
76;430;88;96;59
77;430;88;96;59
78;430;95;103;66
79;430;93;101;64
80;430;92;102;65
81;430;92;102;65
82;430;86;96;61
83;430;83;93;58
84;430;84;95;61
85;430;86;97;63
86;430;83;97;62
87;430;75;89;54
88;430;73;87;54
89;430;79;93;60
90;430;80;91;59
91;430;78;89;57
92;430;76;85;54
93;430;81;90;59
94;430;79;86;55
95;430;73;80;49
96;430;77;86;57
97;430;72;81;52
98;430;76;85;56
99;430;76;85;56
100;430;78;84;56
101;430;80;86;58
102;430;77;83;55
103;430;78;84;56
104;430;82;86;59
105;430;77;81;54
106;430;76;80;53
107;430;76;80;53
108;430;73;77;50
109;430;77;81;54
110;430;72;75;48
111;430;72;75;48
112;430;79;79;53
113;430;77;77;51
114;430;83;83;57
115;430;74;74;48
116;430;80;80;54
117;430;76;76;50
118;430;76;79;52
119;430;73;76;49
120;430;75;75;49
121;430;75;75;49
122;430;76;76;50
123;430;83;83;57
124;430;76;74;51
125;430;73;71;48
126;430;74;69;47
127;430;67;62;40
128;430;68;65;46
129;430;65;62;43
130;430;69;64;45
131;430;74;69;50
132;430;72;67;47
133;430;67;62;42
134;430;69;62;43
135;430;74;67;48
136;430;66;59;40
137;430;72;65;46
138;430;73;65;46
139;430;77;69;50
140;430;78;70;49
141;430;71;63;42
142;430;73;65;44
143;430;66;58;37
144;430;69;58;40
145;430;65;54;36
146;430;67;55;39
147;430;67;55;39
148;430;61;49;33
149;430;65;53;37
150;430;65;51;38
151;430;68;54;41
152;430;67;54;38
153;430;63;50;34
154;430;70;54;39
155;430;73;57;41
156;430;79;64;45
157;430;72;57;38
158;430;67;50;32
159;430;66;49;31
160;430;77;60;42
161;430;73;56;38
162;430;70;53;35
163;430;67;50;32
164;430;65;48;28
165;430;70;53;33
166;430;74;57;37
167;430;73;56;36
168;430;84;66;44
169;430;89;71;49
170;430;77;59;37
171;430;72;54;32
172;430;74;56;32
173;430;78;60;36
174;430;78;60;36
175;430;83;65;41
176;430;78;57;38
177;430;69;48;29
178;430;67;46;27
179;430;71;50;31
180;430;70;51;34
181;430;68;49;32
182;430;70;51;34
183;430;74;55;38
184;430;74;53;36
185;430;76;55;38
186;430;79;58;41
187;430;72;51;34
188;430;77;54;38
189;430;79;56;40
190;430;73;50;34
191;430;74;51;33
192;430;78;51;32
193;430;75;48;27
194;430;77;50;29
195;430;75;48;27
196;430;77;52;30
197;430;76;51;29
198;430;78;53;31
199;430;73;48;26
200;430;82;57;37
201;430;81;56;36
202;430;86;61;41
203;430;92;67;47
204;430;82;57;37
205;430;75;50;30
206;430;77;52;32
207;430;82;57;37
208;430;76;49;30
209;430;80;53;34
210;430;83;56;37
211;430;79;52;33
212;430;78;53;31
213;430;78;53;31
214;430;87;63;39
215;430;91;67;43
216;430;83;59;35
217;430;83;59;35
218;430;86;62;38
219;430;83;59;35
220;430;83;57;34
221;430;86;60;37
222;430;84;57;36
223;430;86;59;38
224;430;78;54;30
225;430;85;61;37
226;430;87;63;39
227;430;88;64;40
228;430;79;55;31
229;430;77;53;29
230;430;89;65;41
231;430;87;63;39
232;430;91;67;43
233;430;88;64;40
234;430;80;56;32
235;430;83;59;35
236;430;89;65;41
237;430;90;66;42
238;430;95;71;47
239;430;95;71;47
240;430;97;75;52
241;430;104;82;59
242;430;108;86;63
243;430;103;81;58
244;430;92;72;48
245;430;84;64;40
246;430;76;58;34
247;430;74;56;32
248;430;79;61;37
249;430;73;55;31
250;430;76;58;34
251;430;76;58;34
252;430;73;55;33
253;430;74;56;34
254;430;81;63;41
255;430;79;61;39
256;430;77;61;38
257;430;77;61;38
258;430;69;51;29
259;430;65;47;25
260;430;64;46;24
261;430;69;51;29
262;430;69;51;29
263;430;71;53;31
264;430;77;59;35
265;430;71;53;29
266;430;74;54;29
267;430;74;54;29
268;430;72;52;27
269;430;74;54;29
270;430;78;58;31
271;430;80;60;33
272;430;80;59;32
273;430;80;59;32
274;430;85;65;38
275;430;78;58;31
276;430;77;57;32
277;430;78;58;33
278;430;79;62;36
279;430;80;63;37
280;430;80;63;37
281;430;76;59;33
282;430;75;58;32
283;430;77;60;34
284;430;80;63;35
285;430;80;63;35
286;430;77;60;32
287;430;77;57;30
288;430;80;59;32
289;430;79;58;31
290;430;81;60;33
291;430;79;58;31
292;430;78;57;28
293;430;80;59;30
294;430;82;58;30
295;430;85;61;33
296;430;87;64;33
297;430;91;68;37
298;430;90;65;35
299;430;92;67;37
300;430;93;68;38
301;430;101;76;46
302;430;101;76;45
303;430;99;74;43
304;430;93;68;38
305;430;97;72;42
306;430;98;73;43
307;430;97;72;42
308;430;97;72;41
309;430;100;75;44
310;430;102;76;43
311;430;100;74;41
312;430;105;76;42
313;430;107;79;42
314;430;104;74;38
315;430;106;76;40
316;430;115;83;45
317;430;111;79;41
318;430;111;79;41
319;430;103;71;32
320;430;118;85;44
321;430;115;82;39
322;430;120;87;42
323;430;134;102;55
324;430;147;113;67
325;430;143;110;59
326;430;139;103;53
327;430;137;101;49
328;430;144;109;55
329;430;152;117;63
330;430;167;132;76
331;430;177;142;86
332;430;172;140;83
333;430;163;131;74
334;430;153;121;64
335;430;144;112;55
336;430;146;111;55
337;430;142;105;50
338;430;144;107;52
339;430;149;112;57
340;430;156;117;62
341;430;160;119;63
342;430;165;124;68
343;430;177;137;76
344;430;187;147;86
345;430;193;155;92
346;430;197;159;94
347;430;192;157;91
348;430;189;155;91
349;430;196;162;99
350;430;202;170;109
351;430;203;171;110
352;430;198;164;103
353;430;195;163;102
354;430;202;170;111
355;430;207;178;120
356;430;207;181;124
357;430;208;186;129
358;430;211;188;136
359;430;207;187;136
360;430;211;191;141
361;430;210;192;144
362;430;209;192;146
363;430;208;191;145
364;430;208;191;145
365;430;208;191;145
366;430;209;192;146
367;430;210;193;147
368;430;210;196;149
369;430;211;197;150
370;430;212;198;153
371;430;212;198;153
372;430;212;199;155
373;430;214;201;159
374;430;214;200;161
375;430;213;199;160
376;430;214;200;163
377;430;213;199;162
378;430;213;199;164
379;430;214;200;165
380;430;214;200;165
381;430;214;200;165
382;430;213;200;165
383;430;214;201;166
384;430;215;201;166
385;430;214;200;165
386;430;215;201;164
387;430;215;201;164
388;430;213;199;162
389;430;212;198;161
390;430;212;198;161
391;430;214;200;163
392;430;212;200;162
393;430;212;200;162
394;430;212;200;160
395;430;213;201;161
396;430;213;201;161
397;430;213;201;161
398;430;213;201;161
399;430;213;201;161
400;430;215;202;160
401;430;213;200;158
402;430;212;197;154
403;430;211;196;153
404;430;210;195;152
405;430;208;194;149
406;430;208;194;149
407;430;209;195;148
408;430;209;195;148
409;430;208;194;145
410;430;210;194;145
411;430;211;195;144
412;430;212;196;145
413;430;212;196;144
414;430;212;196;144
415;430;213;197;145
416;430;210;197;144
417;430;210;197;142
418;430;213;197;145
419;430;213;197;145
420;430;215;198;146
421;430;216;199;147
422;430;216;198;148
423;430;216;198;148
424;430;218;198;148
425;430;218;198;148
426;430;216;198;148
427;430;214;196;146
428;430;211;194;142
429;430;209;192;140
430;430;211;194;142
431;430;215;197;147
432;430;217;199;151
433;430;217;199;153
434;430;217;199;153
435;430;217;199;153
436;430;216;199;153
437;430;216;199;153
438;430;215;198;154
439;430;215;198;154
440;430;215;201;156
441;430;214;200;155
442;430;214;199;156
443;430;214;199;156
444;430;211;198;154
445;430;210;197;153
446;430;211;198;156
447;430;214;201;159
448;430;216;198;158
449;430;215;197;157
450;430;214;196;156
451;430;215;197;157
452;430;215;197;157
453;430;215;197;157
454;430;214;196;156
455;430;212;194;154
456;430;212;194;154
457;430;211;193;153
458;430;209;194;153
459;430;210;195;154
460;430;211;196;155
461;430;211;196;155
462;430;208;193;152
463;430;205;190;149
464;430;206;188;148
465;430;208;189;149
466;430;208;189;149
467;430;207;188;148
468;430;205;187;147
469;430;205;187;147
470;430;205;187;147
471;430;206;188;148
472;430;206;187;147
473;430;205;186;146
474;430;208;186;145
475;430;209;187;146
476;430;208;183;143
477;430;206;181;141
478;430;207;179;139
479;430;205;177;137
480;430;204;179;138
481;430;201;176;135
482;430;199;176;134
483;430;197;174;132
484;430;198;175;134
485;430;196;173;132
486;430;197;175;134
487;430;198;176;135
488;430;196;174;133
489;430;196;174;133
490;430;201;178;137
491;430;199;176;135
492;430;202;179;137
493;430;195;172;130
494;430;185;160;119
495;430;176;151;110
496;430;180;155;115
497;430;199;176;135
498;430;201;177;139
499;430;202;180;141
500;430;189;170;130
501;430;182;163;123
502;430;187;168;128
503;430;193;174;134
504;430;195;173;134
505;430;195;173;134
506;430;194;175;135
507;430;195;176;136
508;430;194;176;136
509;430;191;176;135
510;430;191;176;133
511;430;190;177;135
512;430;186;171;132
513;430;189;171;135
514;430;189;171;135
515;430;188;170;134
516;430;188;170;134
517;430;188;170;134
518;430;189;171;135
519;430;190;172;136
520;430;191;173;137
521;430;191;173;137
522;430;191;173;137
523;430;192;174;138
524;430;193;175;139
525;430;192;174;138
526;430;192;174;138
527;430;191;173;137
528;430;191;175;139
529;430;191;175;139
530;430;191;175;139
531;430;192;176;140
532;430;193;177;141
533;430;194;178;142
534;430;195;179;143
535;430;195;179;143
536;430;192;176;142
537;430;193;177;143
538;430;193;179;144
539;430;195;181;146
540;430;196;182;147
541;430;197;183;148
542;430;196;182;147
543;430;196;181;148
544;430;198;183;152
545;430;196;181;150
546;430;200;185;154
547;430;199;184;153
548;430;200;185;154
549;430;202;187;156
550;430;197;183;154
551;430;198;184;155
552;430;209;195;166
553;430;204;190;161
554;430;202;188;159
555;430;208;194;165
