124;441;16;164;110
125;441;1;175;110
126;441;0;172;108
127;441;0;167;105
128;441;2;172;107
129;441;1;171;106
130;441;0;171;107
131;441;3;175;111
132;441;4;177;114
133;441;0;175;112
134;441;0;174;111
135;441;0;174;112
136;441;0;176;114
137;441;0;176;114
138;441;0;175;116
139;441;1;176;117
140;441;2;174;117
141;441;2;174;117
142;441;3;175;118
143;441;3;176;119
144;441;0;173;120
145;441;0;174;121
146;441;0;173;122
147;441;0;172;121
148;441;0;172;124
149;441;2;176;128
150;441;3;176;131
151;441;0;173;131
152;441;4;178;137
153;441;11;181;143
154;441;16;182;146
155;441;15;178;143
156;441;23;179;146
157;441;30;179;149
158;441;31;177;149
159;441;42;180;153
160;441;47;177;153
161;441;51;174;151
162;441;68;183;163
163;441;80;185;169
164;441;94;188;173
165;441;101;185;173
166;441;110;182;173
167;441;121;183;176
168;441;126;178;174
169;441;137;179;177
170;441;150;186;184
171;441;159;188;187
172;441;165;187;186
173;441;170;187;189
174;441;176;189;192
175;441;180;188;192
176;441;178;185;189
177;441;178;184;187
178;441;181;183;187
179;441;183;185;189
180;441;188;187;190
181;441;188;187;190
182;441;189;185;190
183;441;190;186;191
184;441;191;187;194
185;441;188;184;191
186;441;187;183;190
187;441;188;184;191
188;441;189;184;190
189;441;188;183;189
190;441;189;183;188
191;441;191;185;190
192;441;191;186;192
193;441;191;186;192
194;441;190;185;191
195;441;189;184;190
196;441;189;181;189
197;441;186;178;186
198;441;182;174;182
199;441;180;172;180
200;441;179;171;179
201;441;183;175;183
202;441;184;176;184
203;441;186;178;186
204;441;186;174;183
205;441;192;180;189
206;441;191;179;188
207;441;187;175;184
208;441;186;174;183
209;441;191;179;188
210;441;191;179;188
211;441;189;177;186
212;441;185;171;183
213;441;183;169;181
214;441;188;174;186
215;441;195;181;193
216;441;194;179;190
217;441;193;178;189
218;441;192;177;188
219;441;192;177;188
220;441;191;178;187
221;441;191;178;187
222;441;192;179;188
223;441;194;181;190
224;441;192;177;188
225;441;190;175;186
226;441;190;175;186
227;441;188;173;184
228;441;187;172;183
229;441;192;177;188
230;441;196;181;192
231;441;193;178;189
232;441;193;178;189
233;441;195;180;191
234;441;193;178;189
235;441;193;178;189
236;441;191;176;187
237;441;188;173;184
238;441;189;174;185
239;441;188;173;184
240;441;186;171;182
241;441;189;174;185
242;441;196;181;192
243;441;195;180;191
244;441;194;179;190
245;441;194;179;190
246;441;190;175;186
247;441;191;176;187
248;441;190;175;186
249;441;191;176;187
250;441;193;178;189
251;441;193;178;189
252;441;192;176;188
253;441;189;173;185
254;441;188;172;184
255;441;187;171;183
256;441;185;168;178
257;441;189;172;182
258;441;194;177;187
259;441;192;175;185
260;441;193;178;189
261;441;189;174;185
262;441;189;174;185
263;441;185;170;181
264;441;188;173;184
265;441;187;172;183
266;441;186;171;182
267;441;186;171;182
268;441;190;173;183
269;441;191;174;184
270;441;189;172;182
271;441;185;168;178
272;441;184;167;177
273;441;181;164;174
274;441;183;166;176
275;441;187;170;180
276;441;188;171;181
277;441;187;170;180
278;441;186;169;179
279;441;184;167;177
280;441;183;166;176
281;441;183;166;176
282;441;184;167;177
283;441;185;168;178
284;441;180;163;173
285;441;189;172;182
286;441;194;177;187
287;441;192;175;185
288;441;193;178;189
289;441;191;176;187
290;441;186;171;182
291;441;186;171;182
292;441;188;173;184
293;441;188;173;184
294;441;189;174;185
295;441;186;171;182
296;441;186;171;182
297;441;184;169;180
298;441;188;173;184
299;441;184;169;180
300;441;182;167;178
301;441;186;171;182
302;441;190;175;186
303;441;194;179;190
304;441;189;174;185
305;441;191;176;187
306;441;188;173;184
307;441;184;169;180
308;441;189;174;185
309;441;189;174;185
310;441;182;167;178
311;441;186;171;182
312;441;185;170;181
313;441;183;168;179
314;441;189;174;185
315;441;215;200;211
316;441;173;158;169
317;441;183;168;179
318;441;179;164;175
319;441;178;163;174
320;441;181;166;177
321;441;181;166;177
322;441;179;164;175
323;441;182;167;178
324;441;189;174;185
325;441;180;165;176
326;441;176;161;172
327;441;174;159;170
328;441;183;168;179
329;441;180;165;176
330;441;182;167;178
331;441;184;169;180
332;441;187;170;180
333;441;186;169;179
334;441;188;171;181
335;441;190;173;183
336;441;191;174;184
337;441;200;183;193
338;441;191;174;184
339;441;191;174;184
340;441;191;174;184
341;441;187;170;180
342;441;189;172;182
343;441;180;163;173
344;441;191;174;184
345;441;193;176;186
346;441;189;172;182
347;441;190;173;183
348;441;194;177;187
349;441;192;175;185
350;441;190;173;183
351;441;189;172;182
352;441;181;165;177
353;441;184;168;180
354;441;184;168;180
355;441;183;167;179
356;441;184;168;180
357;441;185;169;181
358;441;187;171;183
359;441;181;165;177
360;441;178;160;172
361;441;174;156;168
362;441;169;151;163
363;441;178;160;172
364;441;194;176;188
365;441;196;178;190
366;441;188;170;182
367;441;186;168;180
368;441;184;166;178
369;441;190;172;184
370;441;190;172;184
371;441;190;172;184
372;441;190;172;184
373;441;185;167;179
374;441;182;164;176
375;441;188;170;182
376;441;184;166;178
377;441;184;166;178
378;441;185;167;179
379;441;185;167;179
380;441;185;167;179
381;441;185;167;179
382;441;185;167;179
383;441;185;167;179
384;441;179;162;172
385;441;178;161;171
386;441;179;162;172
387;441;177;160;170
388;441;172;157;168
389;441;175;160;171
390;441;175;160;171
391;441;170;155;166
392;441;171;156;167
393;441;170;155;166
394;441;172;157;168
395;441;176;161;172
396;441;178;161;171
397;441;176;159;169
398;441;175;158;168
399;441;176;159;169
400;441;174;159;170
401;441;174;159;170
402;441;178;163;174
403;441;181;166;177
404;441;176;159;169
405;441;167;150;160
406;441;166;149;159
407;441;179;162;172
408;441;177;160;170
409;441;178;161;171
410;441;178;161;171
411;441;177;160;170
412;441;177;160;170
413;441;177;160;170
414;441;173;158;169
415;441;171;156;167
416;441;170;153;163
417;441;171;154;164
418;441;175;158;168
419;441;175;158;168
420;441;172;155;165
421;441;173;156;166
422;441;177;160;170
423;441;176;159;169
424;441;176;159;169
425;441;174;157;167
426;441;170;153;163
427;441;171;154;164
428;441;176;159;169
429;441;179;162;172
430;441;178;161;171
431;441;178;161;171
432;441;176;159;169
433;441;177;160;170
434;441;173;156;166
435;441;174;157;167
436;441;174;157;167
437;441;172;155;165
438;441;176;159;169
439;441;176;159;169
440;441;174;157;167
441;441;172;155;165
442;441;172;155;165
443;441;171;154;164
444;441;166;149;159
445;441;162;145;155
446;441;163;146;156
447;441;163;146;156
448;441;165;148;158
449;441;168;151;161
450;441;169;152;162
451;441;165;148;158
452;441;171;154;164
453;441;173;156;166
454;441;172;155;165
455;441;168;151;161
456;441;168;151;161
457;441;170;153;163
458;441;171;154;164
459;441;173;156;166
460;441;173;156;166
461;441;174;157;167
462;441;174;157;167
463;441;174;157;167
464;441;174;156;165
465;441;177;159;168
466;441;177;159;168
467;441;179;161;170
468;441;181;163;172
469;441;179;161;170
470;441;177;159;168
471;441;178;160;169
472;441;180;162;171
473;441;180;162;171
474;441;170;152;161
475;441;172;154;163
476;441;169;151;160
477;441;170;152;161
478;441;169;151;160
479;441;168;150;159
480;441;170;151;162
481;441;170;151;162
482;441;176;157;168
483;441;175;156;167
484;441;171;152;163
485;441;168;149;160
486;441;165;146;157
487;441;169;150;161
488;441;171;152;163
489;441;168;149;160
490;441;164;145;156
491;441;165;146;157
492;441;171;152;163
493;441;173;154;165
494;441;172;153;164
495;441;172;153;164
496;441;171;152;163
497;441;170;151;162
498;441;168;149;160
499;441;168;149;160
500;441;169;150;161
501;441;169;150;161
502;441;169;150;161
503;441;172;153;164
504;441;170;151;162
505;441;173;154;165
506;441;176;157;168
507;441;177;158;169
508;441;178;159;170
509;441;177;158;169
510;441;171;152;163
511;441;165;146;157
512;441;166;147;158
513;441;166;147;158
514;441;166;147;158
515;441;168;149;160
516;441;172;151;164
517;441;173;152;165
518;441;172;151;164
519;441;174;153;166
520;441;174;152;164
521;441;174;152;164
522;441;172;150;162
523;441;172;150;162
524;441;172;152;162
525;441;172;152;162
526;441;172;152;162
527;441;173;153;163
528;441;172;152;162
529;441;171;151;161
530;441;171;151;161
531;441;170;150;160
532;441;170;150;160
533;441;169;149;159
534;441;169;149;159
535;441;170;150;160
536;441;168;148;158
537;441;168;148;158
538;441;169;149;159
539;441;168;148;158
540;441;167;147;157
541;441;167;147;157
542;441;167;147;157
543;441;165;145;155
544;441;169;147;159
545;441;167;145;157
546;441;168;146;158
547;441;171;149;161
548;441;171;149;161
549;441;169;147;159
550;441;169;147;159
551;441;170;148;160
552;441;173;153;163
553;441;172;152;162
554;441;170;150;160
555;441;168;148;158
556;441;167;147;157
557;441;167;147;157
558;441;169;149;159
559;441;169;149;159
560;441;166;146;156
561;441;167;147;157
562;441;167;147;157
563;441;167;147;157
564;441;165;145;155
565;441;163;143;153
566;441;164;144;154
567;441;166;146;156
568;441;163;143;153
569;441;162;142;152
570;441;161;141;151
571;441;163;143;153
572;441;165;145;155
573;441;167;147;157
574;441;166;146;156
575;441;165;145;155
576;441;165;143;155
577;441;164;142;154
578;441;164;142;154
579;441;164;142;154
580;441;164;142;154
581;441;164;142;154
582;441;163;141;153
583;441;163;141;153
584;441;162;140;152
585;441;166;144;156
586;441;166;144;156
587;441;160;138;150
588;441;154;132;144
589;441;157;135;147
590;441;163;141;153
591;441;164;142;154
592;441;163;141;153
593;441;164;142;154
594;441;163;141;153
595;441;164;142;154
596;441;167;145;157
597;441;167;145;157
598;441;164;142;154
599;441;163;141;153
600;441;164;140;152
601;441;171;147;159
602;441;174;150;162
603;441;173;149;161
604;441;173;149;161
605;441;170;146;158
606;441;168;144;156
607;441;169;145;157
608;441;168;142;156
609;441;168;142;156
610;441;168;142;156
611;441;168;142;156
612;441;170;144;158
613;441;173;147;161
614;441;175;149;163
615;441;177;151;165
616;441;172;146;160
617;441;172;146;160
618;441;172;146;160
619;441;170;144;158
620;441;170;144;158
621;441;170;144;158
622;441;169;143;157
623;441;168;142;156
624;441;169;142;155
625;441;170;143;156
626;441;170;143;156
627;441;170;143;156
628;441;171;144;157
629;441;173;146;159
630;441;174;147;160
631;441;173;146;159
632;441;173;146;159
633;441;172;145;158
634;441;172;145;158
635;441;171;144;157
636;441;171;144;157
637;441;170;143;156
638;441;170;143;156
639;441;170;143;156
640;441;178;149;165
641;441;180;151;167
642;441;180;151;167
643;441;177;148;164
644;441;177;148;164
645;441;180;151;167
646;441;181;152;168
647;441;180;151;167
648;441;182;153;169
649;441;181;152;168
650;441;180;151;167
651;441;173;144;160
652;441;175;146;162
653;441;176;147;163
654;441;178;149;165
655;441;174;145;161
656;441;174;145;161
657;441;172;143;159
658;441;172;143;159
659;441;173;144;160
660;441;173;144;160
661;441;173;144;160
662;441;173;144;160
663;441;174;145;161
664;441;175;146;162
665;441;176;147;163
666;441;175;146;162
667;441;173;144;160
668;441;173;144;160
669;441;175;146;162
670;441;175;146;162
671;441;174;145;161
672;441;173;144;160
673;441;174;145;161
674;441;177;148;164
675;441;180;151;167
676;441;182;153;169
677;441;184;155;171
678;441;185;156;172
679;441;185;156;172
680;441;186;157;173
681;441;181;152;168
682;441;184;155;171
683;441;183;154;170
684;441;180;151;167
685;441;182;153;169
686;441;181;152;168
687;441;184;155;171
688;441;186;157;173
689;441;187;158;174
690;441;192;163;179
691;441;195;166;182
692;441;196;169;182
693;441;197;170;183
694;441;196;170;184
695;441;192;166;180
